1079.78
100	1	104.28	100	101	 88 51 61 10 63 62 89 31
100	2	63.15	98	101	 20 71 3 53 11 68
100	3	76.39	96	100	 1 56 14 42 37 13 41 86
100	4	59.16	93	100	 72 73 74 55 22 21 40
100	5	49.31	90	100	 39 25 27 26 52 57
100	6	42.78	100	100	 94 97 84 99 96
100	7	35.4	100	100	 91 58 98 95 93 12
101	1	60.34	100	101	 76 67 2 80 32
101	2	104.22	100	100	 18 48 35 46 45 7 82
101	3	90.4	99	100	 44 16 85 15 43 90 36
101	4	79.66	95	101	 70 64 65 19 29 69
101	5	75.2	97	101	 0 49 78 77 33 34 8 50
101	6	74.37	95	100	 87 17 59 4 83 60 92 5
101	7	56.84	100	101	 30 6 81 47 9
101	8	108.28	95	100	 75 79 28 23 54 24 66 38
