910.65
100	1	48.27	89	100	 85 37 13 43
100	2	59.19	99	101	 91 12 57 39 52 27 25
100	3	29.38	89	100	 58 95 98 92 15
100	4	61.44	100	102	 83 82 44 7 81 6 87 30
100	5	63.51	98	100	 90 99 41 42 14 56 1 86 96 36
100	6	43.52	91	102	 84 4 59 17 51
101	1	57.03	87	102	 76 2 78 80 32
101	2	102.96	99	102	 53 23 28 77 33 34 64 70 19
101	3	64.1	99	101	 54 24 38 66 22 55
101	4	38.49	94	101	 71 74 40 21 73 72 20
101	5	10.0	19	101	 3
102	1	48.08	97	100	 68 26 88 5 93 94 97
102	2	51.14	97	101	 0 49 75 67 79 11
102	3	78.95	100	100	 61 10 18 47 45 16 60
102	4	88.94	100	102	 9 89 62 63 48 35 46
102	5	65.66	100	102	 69 29 50 8 65 31
