917.18
100	1	29.01	98	100	 4 84 92 98
100	2	46.39	99	100	 81 47 46 7 82
100	3	60.98	100	101	 17 51 68 0 49 78 2 76
100	4	78.51	96	102	 83 60 43 37 13 42 14 56
101	1	75.79	92	102	 54 24 66 22 21 40 1
101	2	100.24	97	103	 23 28 77 33 34 70 64 65
101	3	52.75	100	102	 53 3 38 55 74 73
101	4	87.29	99	100	 27 91 36 90 15 85 16 44
102	1	38.9	100	100	 12 96 94 93 5 88
102	2	43.74	100	100	 86 41 99 97 58 95 59
102	3	40.14	100	101	 39 25 11 75 67 79
103	1	55.55	89	103	 87 6 18 10 61 30
103	2	96.9	97	100	 9 31 89 62 63 48 35 45
103	3	52.26	93	102	 26 52 57 20 71 72
103	4	58.73	98	101	 69 29 19 50 8 80 32
