4997.3
249	1	146.41	498	249	 82 205 64 219 35 149 182
249	2	267.2	499	249	 241 46 54 16 23 39 126 200 31 225 175 232 38
249	3	255.0	496	250	 37 174 77 66 226 108 109 110
249	4	299.6	500	250	 26 172 227 52 123 11 220 204 30 233 144 99
249	5	226.25	484	250	 111 212 73 94 33 181 34 238 191 151
249	6	213.32	486	250	 68 145 134 83 170 131 28 19 104 84 221 43 198
249	7	146.65	428	250	 95 165 18 184 71 171 139 245 207
249	8	193.79	495	249	 203 29 17 4 132 210 89 60 128 129 48 136 53
249	9	143.97	467	249	 192 100 12 166 88 152 8 25 147 113 124
249	10	88.1	494	249	 176 236 61 248 42 222 224 156 81
249	11	95.35	450	249	 162 223 213 130 56 202
249	12	207.65	490	249	 234 240 10 237 9 41 196 193 112 65 55 121 189
250	1	188.56	487	249	 20 137 32 78 190 206 197 72
250	2	216.12	486	249	 5 51 218 14 101 63 1 216 194
250	3	262.47	467	249	 214 57 188 105 120 247 229 169
250	4	156.89	450	249	 140 103 125 115 242 15 2 117 122 7
250	5	290.49	497	250	 235 209 40 59 157 133 158 146 50 96 36
250	6	309.39	500	250	 6 163 185 208 141 67 70 228 0 138 201 230 231 69 98
250	7	226.15	496	249	 164 168 180 161 74 58 135 167 102 79
250	8	216.36	486	250	 187 86 153 75 154 107 243 114 3 80
250	9	161.08	477	250	 127 142 13 97 116 239 106 44 160
250	10	165.21	500	250	 24 159 27 155 45 92 186 178 199
250	11	216.63	497	250	 90 76 49 87 150 93 85 148 246 211
250	12	159.44	484	250	 21 119 22 195 91 177 173 47
250	13	145.21	492	250	 179 62 215 244 118 217 183 143
