4258.66
249	1	145.03	494	250	 170 180 218 14 101 38 121 222 224 234
249	2	199.62	500	249	 221 164 5 15 83 145 134 122 117 2 214 125 115 36
249	3	217.48	497	250	 131 31 77 23 16 54 46 65 112 79 237 56 202
249	4	214.49	489	249	 160 92 90 87 150 93 148 85 246 142
249	5	262.41	483	250	 108 157 133 158 146 126 39 55 240 10 192
249	6	186.98	490	249	 235 21 199 179 143 238 217 183 191 22
249	7	123.19	483	249	 119 178 215 45 186 44 127 47
249	8	167.21	496	249	 104 96 66 200 50 109 177 91
249	9	158.27	495	249	 168 161 58 28 226 19 59 40 209
249	10	78.55	376	249	 116 239 97 173 195
250	1	174.66	495	249	 100 213 130 241 37 175 232 51 242 84
250	2	203.59	491	249	 9 41 196 193 102 167 174 225 135 74
250	3	193.9	478	251	 216 82 205 64 227 52 123 129 128 220
250	4	153.99	490	250	 35 219 188 105 120 247 88 166 12
250	5	79.06	484	250	 147 25 229 57 182 149 152 8 113
250	6	100.6	477	250	 81 42 156 223 162 63
250	7	31.48	168	250	 169 1
251	1	212.85	482	249	 80 3 187 33 94 159 163 139 6 245 207 198 110
251	2	257.08	494	249	 98 154 75 153 86 181 34 118 244 49 76 211 106 13
251	3	180.82	495	250	 165 206 95 72 197 203 53 29 17 136 172 26 194
251	4	171.11	499	249	 99 144 114 27 155 151 62
251	5	168.54	486	250	 212 111 7 189 68 176 236 61 248 124
251	6	148.79	460	249	 137 20 185 171 73 103 140 24 43
251	7	217.21	485	251	 71 78 210 89 60 204 30 70 228 0 138 201 230 67
251	8	133.42	452	251	 184 18 190 4 132 11 48 32
251	9	78.32	367	251	 233 141 231 69 107 243 208
