4208.38
249	1	234.28	499	249	 235 22 119 21 43 198 207 140 103 73 214 125 115 168 180 170
249	2	244.49	497	251	 84 51 38 248 63 124 194 205 64 52 227
249	3	195.97	498	250	 104 131 96 58 74 2 117 122 61 234 240 10
249	4	158.01	496	252	 142 44 90 49 244 217 191 155
249	5	99.24	460	249	 110 195 97 239 116 91
249	6	95.24	456	249	 177 209 40 109 59 108 19 226
250	1	181.87	469	252	 222 42 121 242 5 36 24 245 6
250	2	219.66	498	249	 167 54 16 23 39 126 146 158 133 157 28
250	3	145.21	496	251	 213 113 57 149 219 35 82
250	4	195.09	476	251	 55 65 79 193 196 41 9 237 12 229 216 172
250	5	120.77	500	250	 241 37 232 101 14 218 161 135 175
250	6	173.3	500	250	 225 31 66 50 200 77 174 46 102 112
251	1	139.86	482	250	 111 7 189 68 156 81 224
251	2	186.02	490	249	 53 203 162 223 176 236 145 134 83 15 164 221
251	3	177.65	476	252	 29 206 165 71 32 233 67 141 231 69 107
251	4	126.78	473	250	 136 26 1 169 100 202 56 130
251	5	213.18	493	250	 182 188 105 120 247 88 166 152 8 25 147 192
251	6	107.94	457	251	 123 48 129 128 220 60 89 132 4 190
252	1	194.46	494	249	 181 34 238 118 148 85 150 76 92 186
252	2	222.37	487	251	 99 208 98 230 201 138 0 228 70 30 204 210 11
252	3	142.08	498	249	 151 179 62 215 45 199 178 160 127 173
252	4	166.73	462	251	 94 159 163 139 171 212 95 72 197 17
252	5	213.54	489	249	 27 143 183 93 246 87 211 106 13 47
252	6	122.89	492	251	 3 80 185 20 137 184 18 78
252	7	131.74	468	252	 187 33 86 153 75 154 243 144 114
