4006.12
249	1	140.21	490	251	 47 127 44 211 76 90 49 244 217
249	2	224.18	498	253	 116 239 97 106 13 142 173 195 119 115 125 73
249	3	152.05	390	252	 110 43 24 140 103 214 212 95 203
249	4	173.22	480	250	 91 59 157 133 158 146 126 39
249	5	109.6	391	250	 104 131 96 66 200 23
250	1	107.54	470	249	 58 74 161 180 170 168 84 221
250	2	121.46	465	249	 77 31 50 28 226 19 108 109 40 209 177
250	3	144.37	478	252	 225 14 101 145 189 72 197
250	4	138.34	462	252	 135 232 38 121 156 223 63 124 194
250	5	148.68	492	250	 174 65 79 193 196 41 9 237 130 213 55
251	1	109.64	486	249	 179 62 215 45 92 186 160 178 22 235
251	2	187.08	487	250	 183 191 143 151 199 36 5 242 51 218
251	3	135.15	497	251	 87 246 148 85 150 93 118 238
251	4	87.51	321	251	 34 181 33 94 27 155
252	1	171.14	460	253	 53 206 165 171 185 80 3 99 137
252	2	132.46	496	252	 192 100 113 147 25 8 152 229 169 1 26
252	3	161.46	478	250	 162 42 222 241 112 102 167 46 54 16
252	4	279.32	499	249	 188 105 120 247 88 166 12 202 56 10 240 15 164
252	5	140.14	485	250	 68 176 236 61 248 81 234 224 37
252	6	95.93	492	252	 216 57 182 149 219 35 82
253	1	277.56	494	249	 233 98 69 154 75 153 86 187 163 139 6 159 245 207 198 21
253	2	151.54	478	253	 32 208 107 243 114 144 20 71
253	3	161.4	455	250	 18 184 111 7 122 117 2 134 83 175
253	4	154.13	455	253	 190 29 17 136 172 205 64 227 52 123
253	5	94.09	420	253	 210 89 60 220 128 129 48 11 132 4
253	6	207.9	487	253	 204 30 70 228 0 138 201 230 231 141 67 78
