2521.65
160	1	262.82	53	160	 12 20 28 36 155 136 144 152 34 26 18 10 33 25 17 9
160	2	144.85	52	160	 6 14 22 30 38 73 23 15 7
160	3	170.71	54	160	 3 11 19 27 35 32 24 16 8 0
160	4	40.0	36	160	 1 2 4
161	1	151.42	54	160	 40 48 56 64 72 37 29 21 13 5
161	2	76.57	56	161	 45 46 44 52 42
161	3	228.48	57	161	 54 62 70 78 53 61 69 77 75 67 59 51 43
162	1	151.42	54	163	 82 90 98 106 114 159 151 143 135 127
162	2	151.42	54	161	 85 93 101 109 117 79 71 63 55 47
162	3	228.48	57	162	 84 92 100 108 116 95 103 111 119 118 110 102 94
162	4	151.42	54	163	 80 88 96 104 112 157 149 141 133 125
162	5	138.28	58	161	 87 86 83 91 99 107 115 76 68 60
163	1	224.85	58	161	 131 139 147 31 39 74 66 58 50 65 57 49 41
163	2	110.0	54	162	 126 134 142 150 158 113 105 97 89 81
163	3	120.2	59	163	 123 120 128 153 145 137 129 121
163	4	170.71	54	163	 122 130 138 146 154 156 148 140 132 124
