2547.12
160	1	177.8	60	163	 4 12 20 28 36 155 147 139 149 141 133 125
160	2	169.92	53	161	 5 13 21 29 72 65 57 49 41
160	3	170.71	54	160	 1 9 17 25 33 32 24 16 8 0
160	4	178.93	54	161	 3 11 19 27 35 37 64 56 48 40
160	5	151.42	54	163	 2 10 18 26 34 152 144 136 128 120
161	1	110.0	54	162	 44 52 60 68 76 115 107 99 91 83
161	2	157.8	54	160	 42 50 58 66 73 38 30 22 14 6
161	3	170.71	54	161	 45 53 61 69 77 78 70 62 54 46
161	4	100.0	27	161	 67 75 59 51 43
162	1	151.42	54	161	 85 93 101 109 117 79 71 63 55 47
162	2	175.56	56	160	 80 88 96 104 112 74 157 39 31 23 15 7
162	3	170.71	54	162	 87 95 103 111 119 118 110 102 94 86
162	4	170.71	54	162	 84 92 100 108 116 114 106 98 90 82
163	1	110.0	54	162	 126 134 142 150 158 113 105 97 89 81
163	2	170.71	54	163	 121 129 137 145 153 154 146 138 130 122
163	3	170.71	54	163	 127 135 143 151 159 156 148 140 132 124
163	4	40.0	20	163	 131 123
