3985.56
240	1	161.42	58	242	 7 23 31 39 112 104 96 88 80 81
240	2	191.94	57	241	 11 19 27 35 29 37 72 64 56 48 40 41
240	3	68.28	56	240	 4 2 9 0 1
240	4	40.0	36	240	 3 5 6
241	1	228.48	57	241	 51 59 67 75 53 61 69 77 78 70 62 54 46
241	2	110.0	54	242	 44 52 60 68 76 115 107 99 91 83
241	3	177.28	58	242	 43 45 47 55 63 71 79 117 109 101
241	4	159.64	54	243	 42 50 58 66 74 157 149 141 133 126
241	5	220.0	60	243	 49 57 65 73 38 30 22 14 15 12 20 28 36 155 147 139
242	1	164.05	54	243	 82 90 98 89 97 105 113 158 150 142 134
242	2	170.71	54	242	 84 92 100 108 116 119 111 103 95 87
242	3	114.34	47	242	 85 93 118 110 102 94 86
243	1	210.71	57	243	 124 132 140 148 156 159 114 106 151 143 135 127
243	2	40.0	36	243	 121 120 123
244	1	138.28	50	243	 174 182 190 198 153 145 137 129 130 122
244	2	168.99	55	243	 165 173 152 144 136 128 131 125
244	3	381.68	60	241	 163 231 223 215 221 229 237 32 24 16 8 13 21
244	4	201.01	58	244	 164 167 175 183 191 199 154 146 138 166
244	5	176.57	54	244	 161 162 170 178 186 194 196 188 180 172
245	1	170.71	54	245	 200 208 216 224 232 233 225 217 209 201
245	2	209.19	57	244	 202 210 218 226 234 192 184 176 168 193 185 177 169
245	3	118.28	54	244	 204 212 220 228 236 195 187 179 171 160
245	4	120.2	59	245	 206 205 213 235 227 219 211 203
245	5	243.78	57	244	 207 214 222 230 238 33 25 17 10 18 26 34 239 197 189 181
