3737.13
240	1	110.0	54	241	 6 14 22 30 38 73 65 57 49 41
240	2	118.28	54	243	 4 12 20 28 36 155 147 139 131 125
240	3	155.56	54	242	 7 15 23 31 39 112 104 96 88 80
240	4	196.08	58	240	 1 9 17 25 33 238 229 237 32 24 16 8 0
241	1	178.93	54	240	 40 48 56 64 37 35 27 19 11 3
241	2	178.93	54	240	 43 51 59 67 75 72 29 21 13 5
241	3	170.71	54	241	 45 53 61 69 77 78 70 62 54 46
241	4	114.05	50	241	 47 55 63 68 60 52 44
242	1	151.42	54	243	 82 90 98 106 114 159 151 143 135 127
242	2	110.0	54	243	 81 89 97 105 113 158 150 142 134 126
242	3	100.0	27	242	 86 118 110 102 94
242	4	196.08	58	242	 83 91 99 107 115 76 71 79 117 109 101 93 85
242	5	170.71	54	242	 87 95 103 111 119 116 108 100 92 84
243	1	159.64	54	241	 123 133 141 149 157 74 66 58 50 42
243	2	151.42	54	244	 122 130 138 146 154 199 191 183 175 167
243	3	100.0	27	243	 124 156 148 140 132
244	1	110.0	54	243	 166 174 182 190 198 153 145 137 129 121
244	2	155.56	54	240	 165 173 181 189 197 34 26 18 10 2
244	3	100.0	27	244	 164 172 188 196 180
244	4	196.08	58	244	 163 171 179 187 195 236 226 234 192 184 176 168 160
244	5	170.71	54	244	 162 170 178 186 194 193 185 177 169 161
245	1	155.56	54	243	 207 215 223 231 239 152 144 136 128 120
245	2	170.71	54	245	 203 211 219 227 235 232 224 216 208 200
245	3	168.48	53	245	 212 220 228 210 218 233 225 217 209 201
245	4	114.05	50	245	 206 214 222 230 221 213 205
245	5	34.14	24	245	 204 202
