3936.14
240	1	151.42	54	241	 7 15 23 31 39 74 66 58 50 42
240	2	170.71	54	240	 5 13 21 29 37 35 27 19 11 3
240	3	180.0	42	240	 49 57 65 73 38 30 22 14 6
240	4	161.29	54	240	 0 8 16 24 238 33 25 17 9 1
241	1	175.56	40	241	 47 55 63 71 79 117 41
241	2	170.71	54	241	 45 53 61 69 77 78 70 62 54 46
241	3	170.71	54	241	 40 48 56 64 72 75 67 59 51 43
242	1	110.0	54	241	 83 91 99 107 115 76 68 60 52 44
242	2	151.42	54	243	 80 88 96 104 112 157 149 141 133 125
242	3	147.8	53	242	 86 94 102 110 118 109 101 93 85
242	4	170.71	54	242	 84 92 100 108 116 119 111 103 95 87
243	1	151.42	54	242	 127 135 143 151 159 114 106 98 90 82
243	2	110.0	54	240	 123 131 139 147 155 36 28 20 12 4
243	3	40.0	20	243	 129 121
243	4	110.0	54	242	 126 134 142 150 158 113 105 97 89 81
243	5	170.71	54	243	 122 130 138 146 154 156 148 140 132 124
244	1	170.71	54	244	 164 172 180 188 196 199 191 183 175 167
244	2	155.56	54	240	 165 173 181 189 197 34 26 18 10 2
244	3	160.0	34	244	 137 145 153 198 190 182 174 166
244	4	174.56	54	244	 160 168 176 184 192 234 187 179 171 163
244	5	170.71	54	244	 162 170 178 186 194 193 185 177 169 161
245	1	155.56	54	243	 207 215 223 231 239 152 144 136 128 120
245	2	174.56	54	245	 205 213 221 229 237 32 230 222 214 206
245	3	170.71	54	245	 201 209 217 225 233 232 224 216 208 200
245	4	100.0	27	245	 235 227 219 211 203
245	5	161.29	54	245	 202 210 218 226 195 236 228 220 212 204
