5783.13
360	1	173.04	54	362	 7 12 23 31 39 112 104 96 88 80
360	2	155.5	54	365	 1 10 18 26 34 239 231 223 215 207
360	3	110.0	54	361	 6 14 22 30 38 73 65 57 49 41
360	4	157.28	54	367	 13 21 29 37 319 311 303 295 287 286
360	5	34.14	24	360	 5 3
361	1	110.0	54	362	 44 52 60 68 76 115 107 99 91 83
361	2	68.28	44	361	 42 47 54 46
362	1	301.58	59	368	 85 93 101 109 117 79 71 63 55 62 70 78 69 77 359 351 343
362	2	228.48	57	362	 94 102 110 118 119 111 103 95 116 108 100 92 84
362	3	151.42	54	363	 82 90 98 106 114 159 151 143 135 127
362	4	34.14	24	362	 87 86
363	1	60.64	36	363	 122 123 125
363	2	303.08	60	366	 120 128 136 144 152 197 189 181 206 219 227 235 276 268 260
363	3	290.42	60	368	 133 141 149 157 74 66 58 50 48 56 64 72 354 346 338 330
363	4	138.28	50	364	 121 129 137 145 153 198 190 182 174 173
363	5	110.0	54	362	 126 134 142 150 158 113 105 97 89 81
364	1	252.82	60	363	 172 188 196 183 191 199 154 146 138 130 156 148 140 132 124
364	2	221.29	58	364	 166 167 175 180 170 178 186 194 193 185 177
364	3	68.28	56	364	 163 161 169 162 164
365	1	124.14	54	360	 214 222 230 238 33 25 17 9 2 4
365	2	151.42	54	364	 202 210 218 226 234 192 184 176 168 160
365	3	118.28	54	364	 204 212 220 228 236 195 187 179 171 165
365	4	20.0	12	365	 203
365	5	133.66	59	365	 205 211 200 233 225 217 209 201
366	1	155.56	54	360	 247 255 263 271 279 32 24 16 8 0
366	2	119.52	51	366	 243 245 275 267 259 251 240
366	3	110.0	54	367	 246 254 262 270 278 313 305 297 289 281
366	4	293.85	60	365	 248 256 264 272 273 265 257 249 250 258 266 274 232 224 216 208
366	5	54.14	44	366	 241 242 252 244
367	1	118.28	54	368	 285 294 302 310 318 353 345 337 329 321
367	2	161.42	54	365	 284 282 290 298 306 314 237 229 221 213
367	3	237.08	60	363	 292 300 308 316 35 27 19 11 15 20 28 36 155 147 139 131
367	4	34.14	24	367	 283 280
368	1	126.57	54	361	 322 332 340 348 356 75 67 59 51 45
368	2	294.98	57	366	 320 315 307 299 291 288 296 304 312 277 269 261 253
368	3	293.85	60	367	 333 341 349 357 355 347 339 331 328 336 344 352 317 309 301 293
368	4	207.53	59	361	 334 342 350 358 335 61 53 43 40
368	5	60.0	60	368	 324 327 326 325 323
