5285.57
360	1	110.0	54	361	 6 14 22 30 38 73 65 57 49 41
360	2	151.42	54	363	 2 10 18 26 34 152 144 136 128 120
360	3	110.0	54	367	 3 11 19 27 35 316 308 300 292 284
360	4	151.42	54	363	 7 15 23 31 39 157 149 141 133 125
360	5	110.0	54	365	 1 9 17 25 33 238 230 222 214 206
361	1	100.0	27	361	 54 62 70 78 46
361	2	151.42	54	362	 42 50 58 66 74 112 104 96 88 80
361	3	110.0	54	362	 44 52 60 68 76 115 107 99 91 83
361	4	110.0	54	368	 43 51 59 67 75 356 348 340 332 324
361	5	151.42	54	368	 45 53 61 69 77 359 351 343 335 327
362	1	151.42	54	361	 85 93 101 109 117 79 71 63 55 47
362	2	170.71	54	362	 86 94 102 110 118 119 111 103 95 87
362	3	100.0	27	362	 92 100 108 116 84
363	1	110.0	54	362	 126 134 142 150 158 113 105 97 89 81
363	2	110.0	54	360	 123 131 139 147 155 36 28 20 12 4
363	3	151.42	54	362	 127 135 143 151 159 114 106 98 90 82
363	4	100.0	27	363	 124 156 148 140 132
363	5	110.0	54	364	 121 129 137 145 153 198 190 182 174 166
364	1	110.0	54	365	 163 171 179 187 195 236 228 220 212 204
364	2	151.42	54	363	 167 175 183 191 199 154 146 138 130 122
364	3	100.0	27	364	 161 169 177 185 193
364	4	170.71	54	364	 162 170 178 186 194 196 188 180 172 164
365	1	171.7	54	366	 203 211 219 227 235 274 266 258 250 242
365	2	155.56	54	367	 205 213 221 229 237 314 306 298 290 282
365	3	170.71	54	365	 201 209 217 225 233 232 224 216 208 200
365	4	151.42	54	364	 202 210 218 226 234 192 184 176 168 160
365	5	151.42	54	364	 207 215 223 231 239 197 189 181 173 165
366	1	110.0	54	367	 246 254 262 270 278 313 305 297 289 281
366	2	155.56	54	360	 247 255 263 271 279 32 24 16 8 0
366	3	170.71	54	366	 244 252 260 268 276 273 265 257 249 241
366	4	170.71	54	366	 243 251 259 267 275 272 264 256 248 240
367	1	151.42	54	360	 287 295 303 311 319 37 29 21 13 5
367	2	151.42	54	368	 285 293 301 309 317 352 344 336 328 320
367	3	151.42	54	366	 280 288 296 304 312 277 269 261 253 245
367	4	100.0	27	367	 283 307 315 299 291
368	1	110.0	54	367	 321 329 337 345 353 318 310 302 294 286
368	2	151.42	54	361	 322 330 338 346 354 72 64 56 48 40
368	3	170.71	54	368	 325 333 341 349 357 355 347 339 331 323
368	4	100.0	27	368	 326 334 342 350 358
