5650.08
360	1	110.0	54	363	 4 12 20 28 36 155 147 139 131 123
360	2	159.64	54	368	 5 13 21 29 37 354 346 338 330 321
360	3	110.0	54	367	 3 11 19 27 35 316 308 300 292 284
360	4	60.0	24	360	 1 17 9
361	1	110.0	54	362	 44 52 60 68 76 115 107 99 91 83
361	2	110.0	54	360	 41 49 57 65 73 38 30 22 14 6
361	3	100.0	27	361	 46 54 70 78 62
361	4	155.56	54	367	 40 48 56 64 72 319 311 303 295 287
361	5	161.29	54	361	 45 53 61 69 356 75 67 59 51 43
362	1	151.42	54	361	 85 93 101 109 117 79 71 63 55 47
362	2	175.5	54	363	 81 89 97 90 98 106 114 159 151 143 135
362	3	155.56	54	360	 80 88 96 104 112 39 31 23 15 7
362	4	124.97	39	362	 86 94 102 110 118 82
362	5	170.71	54	362	 87 95 103 111 119 116 108 100 92 84
363	1	155.56	54	361	 125 133 141 149 157 74 66 58 50 42
363	2	171.42	56	360	 120 128 136 144 152 197 239 34 26 18 10 2
363	3	170.71	54	363	 122 130 138 146 154 156 148 140 132 124
363	4	144.97	42	363	 127 105 113 158 150 142 134 126
364	1	110.0	54	363	 166 174 182 190 198 153 145 137 129 121
364	2	178.88	38	364	 171 226 234 192 184 176 168 160
364	3	170.71	54	364	 162 170 178 186 194 193 185 177 169 161
364	4	161.29	46	364	 165 173 181 189 236 195 187 179 163
364	5	170.71	54	364	 164 172 180 188 196 199 191 183 175 167
365	1	110.0	54	366	 203 211 219 227 235 276 268 260 252 244
365	2	176.57	56	365	 207 215 223 231 25 33 238 230 222 214 206
365	3	171.82	53	365	 204 212 220 228 218 210 233 225 217 209
365	4	34.14	24	365	 202 201
366	1	110.0	54	367	 246 254 262 270 278 313 305 297 289 281
366	2	128.48	51	366	 243 251 259 267 275 261 253 245
366	3	155.56	54	360	 247 255 263 271 279 32 24 16 8 0
366	4	151.42	54	365	 242 250 258 266 274 232 224 216 208 200
366	5	170.71	54	366	 240 248 256 264 272 273 265 257 249 241
367	1	178.93	54	368	 283 291 299 307 315 317 344 336 328 320
367	2	155.56	54	365	 282 290 298 306 314 237 229 221 213 205
367	3	175.48	30	367	 280 288 296 304 312 277 269
368	1	178.93	54	367	 323 331 339 347 355 352 309 301 293 285
368	2	118.28	54	367	 322 329 337 345 353 318 310 302 294 286
368	3	174.56	54	368	 324 332 340 348 77 359 351 343 335 327
368	4	170.71	54	368	 325 333 341 349 357 358 350 342 334 326
