5246.23
360	1	151.42	54	363	 2 10 18 26 34 152 144 136 128 120
360	2	118.28	54	363	 4 12 20 28 36 155 147 139 131 125
360	3	155.56	54	368	 5 13 21 29 37 354 346 338 330 322
360	4	151.42	54	365	 0 8 16 24 32 237 229 221 213 205
361	1	110.0	54	360	 41 49 57 65 73 38 30 22 14 6
361	2	151.42	54	362	 47 55 63 71 79 117 109 101 93 85
361	3	100.0	27	361	 46 54 62 70 78
361	4	151.42	54	368	 45 53 61 69 77 359 351 343 335 327
361	5	110.0	54	368	 43 51 59 67 75 356 348 340 332 324
362	1	151.42	54	361	 80 88 96 104 112 74 66 58 50 42
362	2	100.0	27	362	 108 116 100 92 84
362	3	110.0	54	361	 83 91 99 107 115 76 68 60 52 44
362	4	151.42	54	363	 82 90 98 106 114 159 151 143 135 127
362	5	170.71	54	362	 86 94 102 110 118 119 111 103 95 87
363	1	155.5	54	360	 123 133 141 149 157 39 31 23 15 7
363	2	151.42	54	364	 122 130 138 146 154 199 191 183 175 167
363	3	110.0	54	362	 126 134 142 150 158 113 105 97 89 81
363	4	100.0	27	363	 132 140 156 148 124
364	1	151.42	54	365	 165 173 181 189 197 239 231 223 215 207
364	2	100.0	27	364	 164 196 188 180 172
364	3	151.42	54	365	 160 168 176 184 192 234 226 218 210 202
364	4	110.0	54	363	 166 174 182 190 198 153 145 137 129 121
364	5	170.71	54	364	 162 170 178 186 194 193 185 177 169 161
365	1	110.0	54	364	 204 212 220 228 236 195 187 179 171 163
365	2	110.0	54	366	 203 211 219 227 235 276 268 260 252 244
365	3	100.0	27	365	 201 217 225 233 209
365	4	151.42	54	366	 200 208 216 224 232 274 266 258 250 242
365	5	110.0	54	360	 206 214 222 230 238 33 25 17 9 1
366	1	151.42	54	367	 247 255 263 271 279 314 306 298 290 282
366	2	110.0	54	367	 246 254 262 270 278 313 305 297 289 281
366	3	170.71	54	366	 241 249 257 265 273 272 264 256 248 240
366	4	100.0	27	366	 275 267 259 251 243
367	1	151.42	54	366	 280 288 296 304 312 277 269 261 253 245
367	2	110.0	54	360	 284 292 300 308 316 35 27 19 11 3
367	3	155.56	54	361	 287 295 303 311 319 72 64 56 48 40
367	4	100.0	27	367	 291 299 315 307 283
368	1	110.0	54	367	 321 329 337 345 353 318 310 302 294 286
368	2	151.42	54	367	 320 328 336 344 352 317 309 301 293 285
368	3	100.0	27	368	 323 339 347 355 331
368	4	170.71	54	368	 325 333 341 349 357 358 350 342 334 326
