5578.42
360	1	175.34	29	366	 229 276 268 260 252 244
360	2	110.0	54	365	 1 9 17 25 33 238 230 222 214 206
360	3	151.42	54	363	 2 10 18 26 34 152 144 136 128 120
360	4	151.88	53	360	 3 13 21 29 38 30 22 14 6
361	1	151.42	54	362	 47 55 63 71 79 117 109 101 93 85
361	2	147.8	53	361	 42 50 58 66 73 65 57 49 41
361	3	175.56	56	367	 40 48 56 64 72 354 37 319 311 303 295 287
361	4	100.0	27	361	 78 70 62 54 46
362	1	151.42	54	363	 82 90 98 106 114 159 151 143 135 127
362	2	175.56	56	360	 80 88 96 104 112 74 157 39 31 23 15 7
362	3	110.0	54	361	 83 91 99 107 115 76 68 60 52 44
362	4	170.71	54	362	 87 95 103 111 119 116 108 100 92 84
362	5	100.0	27	362	 94 102 110 118 86
363	1	113.14	26	363	 149 141 133 125
363	2	178.93	54	364	 124 132 140 148 156 154 191 183 175 167
363	3	110.0	54	362	 126 134 142 150 158 113 105 97 89 81
363	4	110.0	54	360	 123 131 139 147 155 36 28 20 12 4
363	5	110.0	54	364	 121 129 137 145 153 198 190 182 174 166
364	1	151.42	54	365	 165 173 181 189 197 239 231 223 215 207
364	2	110.0	54	365	 163 171 179 187 195 236 228 220 212 204
364	3	178.93	54	363	 164 172 180 188 196 199 146 138 130 122
364	4	170.71	54	364	 161 169 177 185 193 194 186 178 170 162
365	1	151.42	54	364	 202 210 218 226 234 192 184 176 168 160
365	2	151.42	54	366	 200 208 216 224 232 274 266 258 250 242
365	3	128.48	51	365	 203 211 219 227 235 221 213 205
365	4	100.0	27	365	 209 217 233 225 201
366	1	171.42	56	367	 247 255 263 271 279 237 32 314 306 298 290 282
366	2	110.0	54	367	 246 254 262 270 278 313 305 297 289 281
366	3	170.71	54	366	 241 249 257 265 273 272 264 256 248 240
366	4	100.0	27	366	 275 267 259 251 243
367	1	105.37	39	367	 283 291 299 307 315 285
367	2	151.42	54	366	 280 288 296 304 312 277 269 261 253 245
367	3	118.28	54	360	 284 292 300 308 316 35 27 19 11 5
367	4	137.19	26	360	 24 16 8 0
367	5	177.8	60	368	 286 294 302 310 318 353 345 337 346 338 330 322
368	1	110.0	54	361	 324 332 340 348 356 75 67 59 51 43
368	2	151.42	54	361	 327 335 343 351 359 77 69 61 53 45
368	3	163.14	50	367	 321 329 328 336 344 352 317 309 301 293
368	4	105.37	39	368	 320 355 347 339 331 323
368	5	170.71	54	368	 325 333 341 349 357 358 350 342 334 326
